[LEFT_CAM_FHD1200]
fx = 740.602
fy = 742.26
cx = 896.357
cy = 547.131


[RIGHT_CAM_FHD1200]
fx = 738.885
fy = 740.675
cx = 957.75
cy = 604.325


[LEFT_CAM_FHD]
fx = 740.602
fy = 742.26
cx = 896.357
cy = 487.131


[RIGHT_CAM_FHD]
fx = 738.885
fy = 740.675
cx = 957.75
cy = 544.325


[LEFT_CAM_SVGA]
fx = 370.301
fy = 371.13
cx = 448.179
cy = 273.565


[RIGHT_CAM_SVGA]
fx = 369.442
fy = 370.337
cx = 478.875
cy = 302.162


[LEFT_DISTO]
k1 = 0.000232197
k2 = -0.0458849
p1 = 0.000443481
p2 = 0.000258249
k3 = 0.0132909
k4 = -3.52024e-06
k5 = 9.27122e-310
k6 = 3.21143e-322


[RIGHT_DISTO]
k1 = 0.0016639
k2 = -0.0516051
p1 = 0.000562751
p2 = -0.000816515
k3 = 0.0160238
k4 = 0
k5 = 0
k6 = 9.27122e-310


[STEREO]
Baseline = 221.38
TY = -0.633635
TZ = 1.84477
CV_FHD = 0.00319373
CV_SVGA = 0.00319373
CV_FHD1200 = 0.00319373
RX_FHD = 0.00934378
RX_SVGA = 0.00934378
RX_FHD1200 = 0.00934378
RZ_FHD = 0.00833667
RZ_SVGA = 0.00833667
RZ_FHD1200 = 0.00833667


[MISC]
Sensor_ID = 1


[LEFT_CAM_VGA]
fx = 351.250000
fy = 351.250000
cx = 334.250000
cy = 186.250000


[RIGHT_CAM_VGA]
fx = 351.250000
fy = 351.250000
cx = 334.250000
cy = 186.250000
